1315726674,-1,-1,-1,3,6,20,11100000000000000000
RELATIONCAT,6,3,4,4,20
ATTRIBUTECAT,6,-7,5,5,20
Numbers,1,166414,6,1416,118
NULL,1,166414,6,1416,118
NULL,1,166414,6,1416,118
NULL,1,166414,6,1416,118
NULL,1,166414,6,1416,118
NULL,1,166414,6,1416,118
NULL,1,166414,6,1416,118
NULL,1,166414,6,1416,118
NULL,1,166414,6,1416,118
NULL,1,166414,6,1416,118
NULL,1,166414,6,1416,118
NULL,1,166414,6,1416,118
NULL,1,166414,6,1416,118
NULL,1,166414,6,1416,118
NULL,1,166414,6,1416,118
NULL,1,166414,6,1416,118
NULL,1,166414,6,1416,118
NULL,1,166414,6,1416,118
